dataset  Br    n_res   np  Recall@10      QPS  train_ms
o3072     8    10000   32     0.9103    15202       368
o3072     8    50000   32     0.9102    15128       319
o3072     8   100000   32     0.9101    15063       260
o3072     8   250000   32     0.9097    15207       570
o3072     8   500000   32     0.9097    15106       832
o3072     8   999000   32     0.9101    15101      1489
o3072     8    10000  128     0.9691     5171       257
o3072     8    50000  128     0.9689     5186       310
o3072     8   100000  128     0.9689     5187       253
o3072     8   250000  128     0.9691     5197       546
o3072     8   500000  128     0.9686     5156       904
o3072     8   999000  128     0.9692     5181      1483
o3072     8    10000  256     0.9843     2804       254
o3072     8    50000  256     0.9840     2817       312
o3072     8   100000  256     0.9837     2824       256
o3072     8   250000  256     0.9839     2813       545
o3072     8   500000  256     0.9834     2809       876
o3072     8   999000  256     0.9840     2818      1563
o3072     4    10000   32     0.9015    16949       258
o3072     4    50000   32     0.9011    17077       309
o3072     4   100000   32     0.9010    17019       250
o3072     4   250000   32     0.9008    17071       590
o3072     4   500000   32     0.9015    17055       878
o3072     4   999000   32     0.9014    17022      1512
o3072     4    10000  128     0.9559     5410       256
o3072     4    50000  128     0.9563     5411       310
o3072     4   100000  128     0.9569     5397       276
o3072     4   250000  128     0.9565     5428       546
o3072     4   500000  128     0.9577     5382       847
o3072     4   999000  128     0.9576     5429      1504
o3072     4    10000  256     0.9693     2875       256
o3072     4    50000  256     0.9697     2876       309
o3072     4   100000  256     0.9705     2867       252
o3072     4   250000  256     0.9698     2897       581
o3072     4   500000  256     0.9712     2887       925
o3072     4   999000  256     0.9710     2883      1515
vogue     8    10000   32     0.9203    45592       108
vogue     8    50000   32     0.9204    44944       138
vogue     8   100000   32     0.9201    44591       129
vogue     8   250000   32     0.9191    45041       234
vogue     8   500000   32     0.9190    45100       306
vogue     8   932328   32     0.9206    44602       399
vogue     8    10000  128     0.9763    20859        97
vogue     8    50000  128     0.9773    21271       152
vogue     8   100000  128     0.9770    21460       135
vogue     8   250000  128     0.9752    21397       225
vogue     8   500000  128     0.9747    21031       304
vogue     8   932328  128     0.9772    20971       391
vogue     8    10000  256     0.9829    13961        96
vogue     8    50000  256     0.9837    14135       204
vogue     8   100000  256     0.9836    14421       120
vogue     8   250000  256     0.9822    13959       226
vogue     8   500000  256     0.9816    13910       361
vogue     8   932328  256     0.9839    14234       387
vogue     4    10000   32     0.8909    45465        98
vogue     4    50000   32     0.8899    46113       155
vogue     4   100000   32     0.8898    44499       143
vogue     4   250000   32     0.8890    45307       226
vogue     4   500000   32     0.8890    46319       291
vogue     4   932328   32     0.8905    46303       387
vogue     4    10000  128     0.9393    21370        98
vogue     4    50000  128     0.9370    21356       153
vogue     4   100000  128     0.9377    21616       108
vogue     4   250000  128     0.9365    21813       225
vogue     4   500000  128     0.9372    21491       331
vogue     4   932328  128     0.9395    21158       384
vogue     4    10000  256     0.9450    14064        97
vogue     4    50000  256     0.9422    13963       135
vogue     4   100000  256     0.9433    14348       112
vogue     4   250000  256     0.9421    14543       225
vogue     4   500000  256     0.9423    14199       294
vogue     4   932328  256     0.9445    14192       383

=== Recall@10 delta against ALL, per (dataset, Br, nprobe) ===
dataset  Br   np           10K        50K       100K       250K       500K        ALL
o3072     4   32       +0.0001    -0.0003    -0.0004    -0.0006    +0.0001     0.9014
o3072     4  128       -0.0017    -0.0013    -0.0007    -0.0011    +0.0001     0.9576
o3072     4  256       -0.0017    -0.0013    -0.0005    -0.0012    +0.0002     0.9710
o3072     8   32       +0.0002    +0.0001    +0.0000    -0.0004    -0.0004     0.9101
o3072     8  128       -0.0001    -0.0003    -0.0003    -0.0001    -0.0006     0.9692
o3072     8  256       +0.0003    +0.0000    -0.0003    -0.0001    -0.0006     0.9840
vogue     4   32       +0.0004    -0.0006    -0.0007    -0.0015    -0.0015     0.8905
vogue     4  128       -0.0002    -0.0025    -0.0018    -0.0030    -0.0023     0.9395
vogue     4  256       +0.0005    -0.0023    -0.0012    -0.0024    -0.0022     0.9445
vogue     8   32       -0.0003    -0.0002    -0.0005    -0.0015    -0.0016     0.9206
vogue     8  128       -0.0009    +0.0001    -0.0002    -0.0020    -0.0025     0.9772
vogue     8  256       -0.0010    -0.0002    -0.0003    -0.0017    -0.0023     0.9839

=== |100K - ALL|, the quantity the decision rule asks for ===
  o3072    Br=4 nprobe=32   100K=0.9010  ALL=0.9014  |delta|=0.0004
  o3072    Br=4 nprobe=128  100K=0.9569  ALL=0.9576  |delta|=0.0007
  o3072    Br=4 nprobe=256  100K=0.9705  ALL=0.9710  |delta|=0.0005
  o3072    Br=8 nprobe=32   100K=0.9101  ALL=0.9101  |delta|=0.0000
  o3072    Br=8 nprobe=128  100K=0.9689  ALL=0.9692  |delta|=0.0003
  o3072    Br=8 nprobe=256  100K=0.9837  ALL=0.9840  |delta|=0.0003
  vogue    Br=4 nprobe=32   100K=0.8898  ALL=0.8905  |delta|=0.0007
  vogue    Br=4 nprobe=128  100K=0.9377  ALL=0.9395  |delta|=0.0018
  vogue    Br=4 nprobe=256  100K=0.9433  ALL=0.9445  |delta|=0.0012
  vogue    Br=8 nprobe=32   100K=0.9201  ALL=0.9206  |delta|=0.0005
  vogue    Br=8 nprobe=128  100K=0.9770  ALL=0.9772  |delta|=0.0002
  vogue    Br=8 nprobe=256  100K=0.9836  ALL=0.9839  |delta|=0.0003

  max |100K - ALL| over all configurations = 0.0018   band: 0.001-0.005
